7.890199999999999991e-02 -1.526100000000000026e-02 1.161499999999999989e-03 5.540900000000000295e-04 -5.589500000000000067e-04 3.042000000000000216e-04 -1.192799999999999964e-04 3.436800000000000027e-05
-1.526100000000000026e-02 5.891699999999999715e-02 -1.526100000000000026e-02 1.161499999999999989e-03 5.540900000000000295e-04 -5.589500000000000067e-04 3.042000000000000216e-04 -1.192799999999999964e-04
1.161499999999999989e-03 -1.526100000000000026e-02 5.335299999999999765e-02 -1.526100000000000026e-02 1.161499999999999989e-03 5.540900000000000295e-04 -5.589500000000000067e-04 3.042000000000000216e-04
5.540900000000000295e-04 1.161499999999999989e-03 -1.526100000000000026e-02 5.455600000000000033e-02 -1.526100000000000026e-02 1.161499999999999989e-03 5.540900000000000295e-04 -5.589500000000000067e-04
-5.589500000000000067e-04 5.540900000000000295e-04 1.161499999999999989e-03 -1.526100000000000026e-02 5.829600000000000060e-02 -1.526100000000000026e-02 1.161499999999999989e-03 5.540900000000000295e-04
3.042000000000000216e-04 -5.589500000000000067e-04 5.540900000000000295e-04 1.161499999999999989e-03 -1.526100000000000026e-02 6.224899999999999878e-02 -1.526100000000000026e-02 1.161499999999999989e-03
-1.192799999999999964e-04 3.042000000000000216e-04 -5.589500000000000067e-04 5.540900000000000295e-04 1.161499999999999989e-03 -1.526100000000000026e-02 6.525300000000000544e-02 -1.526100000000000026e-02
3.436800000000000027e-05 -1.192799999999999964e-04 3.042000000000000216e-04 -5.589500000000000067e-04 5.540900000000000295e-04 1.161499999999999989e-03 -1.526100000000000026e-02 6.698400000000000187e-02
