-1.492196000000000078e+00 -1.526100000000000026e-02 1.161499999999999989e-03 5.540900000000000295e-04 -5.589500000000000067e-04 3.042000000000000216e-04 -1.192799999999999964e-04 3.436800000000000027e-05
-1.526100000000000026e-02 -1.511800000000000033e+00 -1.526100000000000026e-02 1.161499999999999989e-03 5.540900000000000295e-04 -5.589500000000000067e-04 3.042000000000000216e-04 -1.192799999999999964e-04
1.161499999999999989e-03 -1.526100000000000026e-02 -1.517215000000000202e+00 -1.526100000000000026e-02 1.161499999999999989e-03 5.540900000000000295e-04 -5.589500000000000067e-04 3.042000000000000216e-04
5.540900000000000295e-04 1.161499999999999989e-03 -1.526100000000000026e-02 -1.515877000000000141e+00 -1.526100000000000026e-02 1.161499999999999989e-03 5.540900000000000295e-04 -5.589500000000000067e-04
-5.589500000000000067e-04 5.540900000000000295e-04 1.161499999999999989e-03 -1.526100000000000026e-02 -1.512783000000000211e+00 -1.526100000000000026e-02 1.161499999999999989e-03 5.540900000000000295e-04
3.042000000000000216e-04 -5.589500000000000067e-04 5.540900000000000295e-04 1.161499999999999989e-03 -1.526100000000000026e-02 -1.508966000000000030e+00 -1.526100000000000026e-02 1.161499999999999989e-03
-1.192799999999999964e-04 3.042000000000000216e-04 -5.589500000000000067e-04 5.540900000000000295e-04 1.161499999999999989e-03 -1.526100000000000026e-02 -1.505718000000000112e+00 -1.526100000000000026e-02
3.436800000000000027e-05 -1.192799999999999964e-04 3.042000000000000216e-04 -5.589500000000000067e-04 5.540900000000000295e-04 1.161499999999999989e-03 -1.526100000000000026e-02 -1.503747000000000167e+00
