2.778299999999999867e-02 -1.526100000000000026e-02 1.161499999999999989e-03 5.540900000000000295e-04 -5.589500000000000067e-04 3.042000000000000216e-04 -1.192799999999999964e-04 3.436800000000000027e-05
-1.526100000000000026e-02 7.556000000000000216e-03 -1.526100000000000026e-02 1.161499999999999989e-03 5.540900000000000295e-04 -5.589500000000000067e-04 3.042000000000000216e-04 -1.192799999999999964e-04
1.161499999999999989e-03 -1.526100000000000026e-02 1.818999999999997702e-03 -1.526100000000000026e-02 1.161499999999999989e-03 5.540900000000000295e-04 -5.589500000000000067e-04 3.042000000000000216e-04
5.540900000000000295e-04 1.161499999999999989e-03 -1.526100000000000026e-02 2.861999999999999961e-03 -1.526100000000000026e-02 1.161499999999999989e-03 5.540900000000000295e-04 -5.589500000000000067e-04
-5.589500000000000067e-04 5.540900000000000295e-04 1.161499999999999989e-03 -1.526100000000000026e-02 6.436999999999998279e-03 -1.526100000000000026e-02 1.161499999999999989e-03 5.540900000000000295e-04
3.042000000000000216e-04 -5.589500000000000067e-04 5.540900000000000295e-04 1.161499999999999989e-03 -1.526100000000000026e-02 1.021499999999999839e-02 -1.526100000000000026e-02 1.161499999999999989e-03
-1.192799999999999964e-04 3.042000000000000216e-04 -5.589500000000000067e-04 5.540900000000000295e-04 1.161499999999999989e-03 -1.526100000000000026e-02 1.304399999999999830e-02 -1.526100000000000026e-02
3.436800000000000027e-05 -1.192799999999999964e-04 3.042000000000000216e-04 -5.589500000000000067e-04 5.540900000000000295e-04 1.161499999999999989e-03 -1.526100000000000026e-02 1.461499999999999952e-02
