2.778299999999999867e-02 -1.526100000000000026e-02 1.161499999999999989e-03 5.540900000000000295e-04 -5.589500000000000067e-04 3.042000000000000216e-04 -1.192799999999999964e-04 3.436800000000000027e-05
-1.526100000000000026e-02 8.341999999999998722e-03 -1.526100000000000026e-02 1.161499999999999989e-03 5.540900000000000295e-04 -5.589500000000000067e-04 3.042000000000000216e-04 -1.192799999999999964e-04
1.161499999999999989e-03 -1.526100000000000026e-02 2.364999999999999047e-03 -1.526100000000000026e-02 1.161499999999999989e-03 5.540900000000000295e-04 -5.589500000000000067e-04 3.042000000000000216e-04
5.540900000000000295e-04 1.161499999999999989e-03 -1.526100000000000026e-02 3.581999999999998380e-03 -1.526100000000000026e-02 1.161499999999999989e-03 5.540900000000000295e-04 -5.589500000000000067e-04
-5.589500000000000067e-04 5.540900000000000295e-04 1.161499999999999989e-03 -1.526100000000000026e-02 6.485999999999998711e-03 -1.526100000000000026e-02 1.161499999999999989e-03 5.540900000000000295e-04
3.042000000000000216e-04 -5.589500000000000067e-04 5.540900000000000295e-04 1.161499999999999989e-03 -1.526100000000000026e-02 1.014299999999999924e-02 -1.526100000000000026e-02 1.161499999999999989e-03
-1.192799999999999964e-04 3.042000000000000216e-04 -5.589500000000000067e-04 5.540900000000000295e-04 1.161499999999999989e-03 -1.526100000000000026e-02 1.319199999999999887e-02 -1.526100000000000026e-02
3.436800000000000027e-05 -1.192799999999999964e-04 3.042000000000000216e-04 -5.589500000000000067e-04 5.540900000000000295e-04 1.161499999999999989e-03 -1.526100000000000026e-02 1.498499999999999832e-02
